2.072913646697998047e+00
2.072355031967163086e+00
2.072577714920043945e+00
2.068282842636108398e+00
2.067163705825805664e+00
2.073072195053100586e+00
2.064016342163085938e+00
2.060748100280761719e+00
2.056034564971923828e+00
2.050959587097167969e+00
2.046266555786132812e+00
2.050011873245239258e+00
2.047880411148071289e+00
2.039841175079345703e+00
2.036091089248657227e+00
2.038748025894165039e+00
2.034185409545898438e+00
2.027699232101440430e+00
2.022964954376220703e+00
2.026698827743530273e+00
2.020069360733032227e+00
2.020631074905395508e+00
2.017847537994384766e+00
2.008943319320678711e+00
2.007591724395751953e+00
2.013350963592529297e+00
2.001408338546752930e+00
2.005108356475830078e+00
2.005988597869873047e+00
2.003148794174194336e+00
1.995127439498901367e+00
1.991463899612426758e+00
2.001245260238647461e+00
1.992454051971435547e+00
1.988078236579895020e+00
1.990863204002380371e+00
1.986773371696472168e+00
1.977741599082946777e+00
1.978182673454284668e+00
1.975601553916931152e+00
1.968558430671691895e+00
1.964599013328552246e+00
1.964855432510375977e+00
1.954254627227783203e+00
1.939975261688232422e+00
1.950897693634033203e+00
1.946610450744628906e+00
1.935754776000976562e+00
1.930349111557006836e+00
1.938436150550842285e+00
1.933028340339660645e+00
1.931545615196228027e+00
1.908774733543395996e+00
1.931064605712890625e+00
1.915736317634582520e+00
1.908655047416687012e+00
1.902754902839660645e+00
1.903592944145202637e+00
1.884720325469970703e+00
1.894191622734069824e+00
1.891014814376831055e+00
1.870811343193054199e+00
1.871837496757507324e+00
1.873153090476989746e+00
1.874773025512695312e+00
1.860220551490783691e+00
1.862093210220336914e+00
1.839355111122131348e+00
1.856789350509643555e+00
1.820770263671875000e+00
1.829789400100708008e+00
1.830767273902893066e+00
1.820838332176208496e+00
1.815582752227783203e+00
1.800485491752624512e+00
1.804306507110595703e+00
1.783123373985290527e+00
1.784828662872314453e+00
1.776523709297180176e+00
1.752796530723571777e+00
1.765197277069091797e+00
1.737986803054809570e+00
1.730619788169860840e+00
1.745905995368957520e+00
1.712539672851562500e+00
1.715825915336608887e+00
1.726466774940490723e+00
1.699866294860839844e+00
1.678780555725097656e+00
1.662014722824096680e+00
1.678438186645507812e+00
1.641782641410827637e+00
1.666900038719177246e+00
1.682308435440063477e+00
1.621951103210449219e+00
1.613119721412658691e+00
1.611140012741088867e+00
1.605604529380798340e+00
1.552205324172973633e+00
1.611846566200256348e+00
1.589440822601318359e+00
1.551936268806457520e+00
1.548292279243469238e+00
1.522338986396789551e+00
1.531727790832519531e+00
1.505881190299987793e+00
1.498403787612915039e+00
1.500267028808593750e+00
1.486612677574157715e+00
1.450852394104003906e+00
1.429457068443298340e+00
1.449123024940490723e+00
1.462289810180664062e+00
1.415637850761413574e+00
1.355819106101989746e+00
1.426313638687133789e+00
1.354801416397094727e+00
1.386699199676513672e+00
1.316501259803771973e+00
1.319482803344726562e+00
1.313841700553894043e+00
1.342836141586303711e+00
1.288406729698181152e+00
1.199048399925231934e+00
1.214992046356201172e+00
1.247346043586730957e+00
1.245947718620300293e+00
1.207041144371032715e+00
1.190468668937683105e+00
1.184496998786926270e+00
1.146217465400695801e+00
1.131494879722595215e+00
1.125803709030151367e+00
1.127085924148559570e+00
1.152191281318664551e+00
1.049735188484191895e+00
1.096172809600830078e+00
1.060921669006347656e+00
1.113333940505981445e+00
1.057688236236572266e+00
9.946559071540832520e-01
1.035460948944091797e+00
9.717929959297180176e-01
9.685748219490051270e-01
9.441350698471069336e-01
8.773971199989318848e-01
9.265109300613403320e-01
9.215710163116455078e-01
9.040451049804687500e-01
8.994165658950805664e-01
8.378132581710815430e-01
8.592549562454223633e-01
8.472514152526855469e-01
8.625674247741699219e-01
8.308181166648864746e-01
8.700632452964782715e-01
7.537567615509033203e-01
7.815071344375610352e-01
8.070754408836364746e-01
7.773457765579223633e-01
7.472032904624938965e-01
7.394704818725585938e-01
7.204794883728027344e-01
6.962642073631286621e-01
7.001332044601440430e-01
6.803951859474182129e-01
7.097085118293762207e-01
6.683586239814758301e-01
6.700840592384338379e-01
6.721436977386474609e-01
6.063132286071777344e-01
6.532780528068542480e-01
6.338146924972534180e-01
6.248908638954162598e-01
5.701171159744262695e-01
5.883229970932006836e-01
6.019338369369506836e-01
5.445656180381774902e-01
5.676709413528442383e-01
6.172529458999633789e-01
5.447333455085754395e-01
5.451815724372863770e-01
5.283591747283935547e-01
5.729535222053527832e-01
5.810800194740295410e-01
5.774176716804504395e-01
5.415311455726623535e-01
5.465220808982849121e-01
5.188302993774414062e-01
5.493693947792053223e-01
5.479071736335754395e-01
4.548405706882476807e-01
4.639856815338134766e-01
5.244458317756652832e-01
4.377124905586242676e-01
4.824224114418029785e-01
4.432445168495178223e-01
4.791393876075744629e-01
4.897995591163635254e-01
4.031412005424499512e-01
4.596419632434844971e-01
4.827294945716857910e-01
4.891882836818695068e-01
3.898518681526184082e-01
5.736395120620727539e-01
4.062025547027587891e-01
4.185528457164764404e-01
4.027020931243896484e-01
3.920828700065612793e-01
3.914858698844909668e-01
4.335250854492187500e-01
3.978480100631713867e-01
3.612822294235229492e-01
4.375274479389190674e-01
3.538846969604492188e-01
4.342430830001831055e-01
3.707567751407623291e-01
3.796115219593048096e-01
4.085583686828613281e-01
3.957035541534423828e-01
4.191493988037109375e-01
3.929482102394104004e-01
4.024936854839324951e-01
3.276166021823883057e-01
3.535721600055694580e-01
3.422435224056243896e-01
3.684403598308563232e-01
3.690797090530395508e-01
3.722475469112396240e-01
3.594156503677368164e-01
3.675403594970703125e-01
4.053859710693359375e-01
3.734791874885559082e-01
3.748031556606292725e-01
3.684460818767547607e-01
3.674213588237762451e-01
3.579310774803161621e-01
4.039493799209594727e-01
3.496039807796478271e-01
3.432329893112182617e-01
3.467848896980285645e-01
3.753979802131652832e-01
3.569232225418090820e-01
3.089047968387603760e-01
3.622472584247589111e-01
3.631359636783599854e-01
3.883059620857238770e-01
3.480609655380249023e-01
3.282939791679382324e-01
3.210957050323486328e-01
3.079379796981811523e-01
3.304300010204315186e-01
3.998652994632720947e-01
3.079950809478759766e-01
3.264298439025878906e-01
3.208111822605133057e-01
3.826535642147064209e-01
2.719700336456298828e-01
2.364858984947204590e-01
2.699481844902038574e-01
3.073107004165649414e-01
2.799777388572692871e-01
3.328078389167785645e-01
3.057171702384948730e-01
3.031750321388244629e-01
3.152091801166534424e-01
3.016035556793212891e-01
3.132327795028686523e-01
2.751259803771972656e-01
3.295235037803649902e-01
3.259536027908325195e-01
3.096804916858673096e-01
2.941892445087432861e-01
3.042393028736114502e-01
2.917615771293640137e-01
3.198276162147521973e-01
2.789745032787322998e-01
2.941371202468872070e-01
2.347893714904785156e-01
3.256507217884063721e-01
2.879216372966766357e-01
3.270671367645263672e-01
3.605422675609588623e-01
3.323888182640075684e-01
2.839295268058776855e-01
2.758657336235046387e-01
3.023723363876342773e-01
3.008241057395935059e-01
3.149378001689910889e-01
3.153092563152313232e-01
2.702352404594421387e-01
2.818206250667572021e-01
2.785167396068572998e-01
3.239153027534484863e-01
2.111030220985412598e-01
2.772783637046813965e-01
2.809951305389404297e-01
2.630647718906402588e-01
3.627619445323944092e-01
2.524573206901550293e-01
2.385531663894653320e-01
2.938137650489807129e-01
2.070033699274063110e-01
2.953124046325683594e-01
2.063912898302078247e-01
3.427497744560241699e-01
3.301328718662261963e-01
2.545517385005950928e-01
2.067006528377532959e-01
2.551819980144500732e-01
2.583444714546203613e-01
2.936207056045532227e-01
2.660762071609497070e-01
3.042358756065368652e-01
2.974601387977600098e-01
2.553235292434692383e-01
3.285004496574401855e-01
2.088164389133453369e-01
2.267244756221771240e-01
2.734790742397308350e-01
3.373556435108184814e-01
2.662660479545593262e-01
3.058229982852935791e-01
2.277806550264358521e-01
2.974137961864471436e-01
1.849348098039627075e-01
3.382732570171356201e-01
2.050166726112365723e-01
1.924038380384445190e-01
2.200394570827484131e-01
2.440020143985748291e-01
1.936764568090438843e-01
2.854611277580261230e-01
3.159854710102081299e-01
2.833279371261596680e-01
2.240670919418334961e-01
1.947475969791412354e-01
2.078853994607925415e-01
2.401045262813568115e-01
2.379308044910430908e-01
3.207200467586517334e-01
3.115404844284057617e-01
2.257041335105895996e-01
2.107077986001968384e-01
2.733850479125976562e-01
2.055478841066360474e-01
2.445760816335678101e-01
2.684804797172546387e-01
2.536395788192749023e-01
3.115904331207275391e-01
2.135592401027679443e-01
2.232193946838378906e-01
2.397077232599258423e-01
2.049718797206878662e-01
2.191897183656692505e-01
2.547205388545989990e-01
2.171747386455535889e-01
2.052829116582870483e-01
2.317076325416564941e-01
2.725020647048950195e-01
2.380733937025070190e-01
2.565830945968627930e-01
2.798239588737487793e-01
2.192122936248779297e-01
2.476067394018173218e-01
1.977282464504241943e-01
2.283090651035308838e-01
2.951889932155609131e-01
2.191217541694641113e-01
2.441764920949935913e-01
2.069289088249206543e-01
2.410231679677963257e-01
2.440883815288543701e-01
2.163123935461044312e-01
2.019273340702056885e-01
1.631315797567367554e-01
2.073478102684020996e-01
3.068484067916870117e-01
1.871504038572311401e-01
1.991673409938812256e-01
2.355762422084808350e-01
2.711743712425231934e-01
2.137668579816818237e-01
2.114525437355041504e-01
2.560907006263732910e-01
2.644210159778594971e-01
2.070157527923583984e-01
2.091445326805114746e-01
1.969660967588424683e-01
2.369758188724517822e-01
2.022373229265213013e-01
2.153889089822769165e-01
2.463057339191436768e-01
2.015882730484008789e-01
1.878144741058349609e-01
1.995824873447418213e-01
1.837354153394699097e-01
2.062508165836334229e-01
2.157374471426010132e-01
1.779611408710479736e-01
1.922447085380554199e-01
2.144106477499008179e-01
2.461185455322265625e-01
1.985050886869430542e-01
2.804855704307556152e-01
2.271475642919540405e-01
2.173187583684921265e-01
2.082971483469009399e-01
1.869161128997802734e-01
2.368046492338180542e-01
2.552569806575775146e-01
2.546271681785583496e-01
1.847730576992034912e-01
1.850671172142028809e-01
2.218642830848693848e-01
1.679002195596694946e-01
1.806485801935195923e-01
2.141799181699752808e-01
2.209941446781158447e-01
2.733901143074035645e-01
2.397686690092086792e-01
1.983800828456878662e-01
1.967494934797286987e-01
1.480012238025665283e-01
2.641819119453430176e-01
2.071813493967056274e-01
1.718196570873260498e-01
2.113791108131408691e-01
2.490730434656143188e-01
2.011852860450744629e-01
1.914865970611572266e-01
2.192756235599517822e-01
2.553127706050872803e-01
1.715026497840881348e-01
2.098910510540008545e-01
2.441183477640151978e-01
2.414634525775909424e-01
1.906936466693878174e-01
1.952745616436004639e-01
1.583879292011260986e-01
2.065821141004562378e-01
2.443730682134628296e-01
2.401946485042572021e-01
2.095809727907180786e-01
1.861351728439331055e-01
2.296000421047210693e-01
1.691020876169204712e-01
1.941077113151550293e-01
1.988016664981842041e-01
2.382392138242721558e-01
1.963796764612197876e-01
1.777399182319641113e-01
2.294198125600814819e-01
2.492723464965820312e-01
1.713664978742599487e-01
1.469326168298721313e-01
1.915266066789627075e-01
2.407166510820388794e-01
2.998872399330139160e-01
1.995893269777297974e-01
1.508542150259017944e-01
2.240784317255020142e-01
2.565880417823791504e-01
2.351341843605041504e-01
2.113943248987197876e-01
1.325225830078125000e-01
2.322320491075515747e-01
2.146628051996231079e-01
2.302974015474319458e-01
1.953644305467605591e-01
2.342047393321990967e-01
1.801191419363021851e-01
1.935569047927856445e-01
1.539391428232192993e-01
2.346641123294830322e-01
2.040041536092758179e-01
1.764169633388519287e-01
1.353365629911422729e-01
1.271640509366989136e-01
2.066451758146286011e-01
2.455786466598510742e-01
2.218607962131500244e-01
1.946656852960586548e-01
2.143520414829254150e-01
2.101005315780639648e-01
2.284065186977386475e-01
2.224536985158920288e-01
2.170046269893646240e-01
1.790343075990676880e-01
1.963524222373962402e-01
2.094140946865081787e-01
1.955168843269348145e-01
2.289971262216567993e-01
1.633279770612716675e-01
2.114873081445693970e-01
2.014504671096801758e-01
1.666427701711654663e-01
1.610217690467834473e-01
2.156991362571716309e-01
1.334274560213088989e-01
1.612172573804855347e-01
1.855968236923217773e-01
1.544652432203292847e-01
1.931317150592803955e-01
1.588600128889083862e-01
2.060608118772506714e-01
1.831196993589401245e-01
1.631242781877517700e-01
1.503956019878387451e-01
2.127888202667236328e-01
1.354339718818664551e-01
2.165892422199249268e-01
1.578225046396255493e-01
2.022377401590347290e-01
1.972693651914596558e-01
2.093025147914886475e-01
1.026634648442268372e-01
1.896577030420303345e-01
1.698681563138961792e-01
2.029697299003601074e-01
1.719914376735687256e-01
1.675225347280502319e-01
1.516736447811126709e-01
1.539415866136550903e-01
2.289613485336303711e-01
1.965456455945968628e-01
1.767387688159942627e-01
1.887472569942474365e-01
2.336492389440536499e-01
1.328815072774887085e-01
2.901504933834075928e-01
2.097893208265304565e-01
1.951952725648880005e-01
2.373524457216262817e-01
2.302586883306503296e-01
1.367605477571487427e-01
2.608950734138488770e-01
2.570009529590606689e-01
1.728962510824203491e-01
1.835512816905975342e-01
2.161490768194198608e-01
1.633404642343521118e-01
1.413871794939041138e-01
2.207309305667877197e-01
1.235418170690536499e-01
1.322511285543441772e-01
2.082982659339904785e-01
1.913277804851531982e-01
1.512415856122970581e-01
1.677162349224090576e-01
1.619226783514022827e-01
1.775467544794082642e-01
1.552997529506683350e-01
1.631153374910354614e-01
1.269483268260955811e-01
1.172369718551635742e-01
1.857206821441650391e-01
1.810258179903030396e-01
2.142643183469772339e-01
1.429977566003799438e-01
1.447674930095672607e-01
1.809463053941726685e-01
1.590402424335479736e-01
1.834983378648757935e-01
1.677733361721038818e-01
2.212139070034027100e-01
1.584744006395339966e-01
1.411294937133789062e-01
1.321418583393096924e-01
1.780083030462265015e-01
1.408198624849319458e-01
1.960363984107971191e-01
1.892355531454086304e-01
1.434083729982376099e-01
2.550915777683258057e-01
1.672468781471252441e-01
1.438811123371124268e-01
2.206279337406158447e-01
2.007521390914916992e-01
9.885815531015396118e-02
1.877761036157608032e-01
1.692204922437667847e-01
2.022837400436401367e-01
9.665340930223464966e-02
1.462673544883728027e-01
1.467648744583129883e-01
1.670369952917098999e-01
2.159069031476974487e-01
2.585825622081756592e-01
1.959000825881958008e-01
1.730468869209289551e-01
1.844020634889602661e-01
1.619179844856262207e-01
1.962877213954925537e-01
1.380324363708496094e-01
1.441618800163269043e-01
1.170363873243331909e-01
1.609667837619781494e-01
1.497685015201568604e-01
1.568602770566940308e-01
1.319604963064193726e-01
1.276109069585800171e-01
2.306614071130752563e-01
2.189537733793258667e-01
1.215832903981208801e-01
2.034582644701004028e-01
2.411044538021087646e-01
1.733567267656326294e-01
1.371518820524215698e-01
1.355106681585311890e-01
1.413723528385162354e-01
2.392252534627914429e-01
1.947064846754074097e-01
1.759133636951446533e-01
1.507700234651565552e-01
1.743863373994827271e-01
1.741849333047866821e-01
1.759996861219406128e-01
1.740047633647918701e-01
1.676758229732513428e-01
1.588957011699676514e-01
2.225679904222488403e-01
2.073191851377487183e-01
1.960681378841400146e-01
1.695057749748229980e-01
1.394529342651367188e-01
1.049993932247161865e-01
1.529477238655090332e-01
1.435028612613677979e-01
1.381853520870208740e-01
2.067739665508270264e-01
1.717377752065658569e-01
1.555150300264358521e-01
1.354692727327346802e-01
1.559590995311737061e-01
1.480380445718765259e-01
1.223247870802879333e-01
1.020469516515731812e-01
1.576424390077590942e-01
1.280764043331146240e-01
1.943671703338623047e-01
1.663359999656677246e-01
1.416533887386322021e-01
9.889041632413864136e-02
1.604549884796142578e-01
1.958094537258148193e-01
1.304281204938888550e-01
1.493352353572845459e-01
2.131609320640563965e-01
1.215619072318077087e-01
1.581104546785354614e-01
1.594548523426055908e-01
1.748212724924087524e-01
1.482744663953781128e-01
1.658904701471328735e-01
1.405149251222610474e-01
1.627093404531478882e-01
1.977394968271255493e-01
1.707950681447982788e-01
1.310541927814483643e-01
1.217407137155532837e-01
1.935835778713226318e-01
1.606614589691162109e-01
1.596135348081588745e-01
1.370691508054733276e-01
2.262981086969375610e-01
1.942671835422515869e-01
1.831030100584030151e-01
1.702909022569656372e-01
1.727135777473449707e-01
1.885767877101898193e-01
1.346771717071533203e-01
1.815388798713684082e-01
1.822250634431838989e-01
1.511794030666351318e-01
1.869112551212310791e-01
1.341618597507476807e-01
1.948428452014923096e-01
1.747450381517410278e-01
1.390199959278106689e-01
1.317791640758514404e-01
1.183970943093299866e-01
1.696315258741378784e-01
1.227767392992973328e-01
1.444443911314010620e-01
1.555682271718978882e-01
1.437467485666275024e-01
1.714016795158386230e-01
1.341405957937240601e-01
1.708544790744781494e-01
1.855539530515670776e-01
1.679011285305023193e-01
1.603807657957077026e-01
1.538954973220825195e-01
2.304988503456115723e-01
1.406815052032470703e-01
1.459527313709259033e-01
2.147971987724304199e-01
1.767798662185668945e-01
1.539822816848754883e-01
2.076352089643478394e-01
2.068982571363449097e-01
1.062721908092498779e-01
1.106997281312942505e-01
1.114672422409057617e-01
1.266486942768096924e-01
1.517536789178848267e-01
1.747527569532394409e-01
1.206793338060379028e-01
1.808500885963439941e-01
1.053884103894233704e-01
1.727972477674484253e-01
1.424225419759750366e-01
1.549621224403381348e-01
1.458439379930496216e-01
2.225983142852783203e-01
2.020436227321624756e-01
1.393568962812423706e-01
1.229470297694206238e-01
1.814442723989486694e-01
1.577569693326950073e-01
1.846588253974914551e-01
1.820223182439804077e-01
1.103428304195404053e-01
1.409806013107299805e-01
1.864793598651885986e-01
1.530969440937042236e-01
1.591949313879013062e-01
1.221363469958305359e-01
1.509517580270767212e-01
1.581160724163055420e-01
1.442275047302246094e-01
1.391928941011428833e-01
1.546147912740707397e-01
1.638032943010330200e-01
1.476878374814987183e-01
1.377560198307037354e-01
1.957101076841354370e-01
1.326746791601181030e-01
1.117877140641212463e-01
1.962437927722930908e-01
1.424027681350708008e-01
1.559169888496398926e-01
1.375469118356704712e-01
1.422099620103836060e-01
2.063238024711608887e-01
1.877247095108032227e-01
1.564662456512451172e-01
1.649423241615295410e-01
1.631256490945816040e-01
1.751520782709121704e-01
1.567055881023406982e-01
1.263662725687026978e-01
1.380415111780166626e-01
1.100877895951271057e-01
1.355902254581451416e-01
1.130196601152420044e-01
1.670524328947067261e-01
2.279517352581024170e-01
1.213633716106414795e-01
1.296037733554840088e-01
1.538705825805664062e-01
1.184555888175964355e-01
1.513719856739044189e-01
1.274109035730361938e-01
1.355612576007843018e-01
1.048328652977943420e-01
2.049529999494552612e-01
1.641077697277069092e-01
1.214259564876556396e-01
2.305348217487335205e-01
1.321919709444046021e-01
8.700441569089889526e-02
1.204619631171226501e-01
1.468118876218795776e-01
1.378099173307418823e-01
1.450541615486145020e-01
1.029297038912773132e-01
1.342289596796035767e-01
1.290235668420791626e-01
1.522790938615798950e-01
1.940309852361679077e-01
1.194136813282966614e-01
1.322043389081954956e-01
1.974068731069564819e-01
1.491690427064895630e-01
1.719814985990524292e-01
9.549468010663986206e-02
1.061069369316101074e-01
1.262395083904266357e-01
1.426383256912231445e-01
1.169924959540367126e-01
1.210265159606933594e-01
1.238280832767486572e-01
1.385194063186645508e-01
2.313206493854522705e-01
1.571976244449615479e-01
1.430744677782058716e-01
1.517651081085205078e-01
1.226129829883575439e-01
1.472560465335845947e-01
1.193691939115524292e-01
1.676757782697677612e-01
8.126117289066314697e-02
1.253367364406585693e-01
1.690215170383453369e-01
1.505261957645416260e-01
1.205947995185852051e-01
1.092868447303771973e-01
1.152810603380203247e-01
1.818716675043106079e-01
1.106314957141876221e-01
1.546905785799026489e-01
2.116381824016571045e-01
1.645765155553817749e-01
1.729822605848312378e-01
1.350284367799758911e-01
1.593773216009140015e-01
1.239049658179283142e-01
1.326513439416885376e-01
1.527883261442184448e-01
1.448624581098556519e-01
9.840111434459686279e-02
1.530751138925552368e-01
1.532018631696701050e-01
1.481771767139434814e-01
1.669676601886749268e-01
9.327959269285202026e-02
9.179419279098510742e-02
2.230167388916015625e-01
1.499436497688293457e-01
1.431512087583541870e-01
1.862107813358306885e-01
1.401118338108062744e-01
1.803482174873352051e-01
1.728916764259338379e-01
1.509132236242294312e-01
1.897386312484741211e-01
1.271769851446151733e-01
1.128484681248664856e-01
1.491477042436599731e-01
1.086256578564643860e-01
1.176790744066238403e-01
1.351064592599868774e-01
1.287475079298019409e-01
1.020669713616371155e-01
1.245743781328201294e-01
1.010562852025032043e-01
1.070438474416732788e-01
1.302454620599746704e-01
1.753168106079101562e-01
1.755264103412628174e-01
1.344386041164398193e-01
1.147146895527839661e-01
1.485482305288314819e-01
1.764973104000091553e-01
1.548592299222946167e-01
1.216370835900306702e-01
1.119471043348312378e-01
1.026444137096405029e-01
1.319088637828826904e-01
1.024768128991127014e-01
1.036258637905120850e-01
1.191287487745285034e-01
1.575689017772674561e-01
1.852341741323471069e-01
1.098683103919029236e-01
1.172342225909233093e-01
1.684974581003189087e-01
1.656563282012939453e-01
1.521467566490173340e-01
1.040259301662445068e-01
1.640928983688354492e-01
1.393735706806182861e-01
1.081765815615653992e-01
1.557796150445938110e-01
1.369549930095672607e-01
1.351832002401351929e-01
1.061862707138061523e-01
1.447717100381851196e-01
1.259914487600326538e-01
1.507623195648193359e-01
1.312983036041259766e-01
1.407550126314163208e-01
1.274833679199218750e-01
1.135803982615470886e-01
1.209102794528007507e-01
1.110866963863372803e-01
1.092804670333862305e-01
1.335349678993225098e-01
1.311791390180587769e-01
1.600777208805084229e-01
1.623464524745941162e-01
1.163308471441268921e-01
1.298973560333251953e-01
1.914980709552764893e-01
1.298680901527404785e-01
1.478297710418701172e-01
1.374770104885101318e-01
2.151835411787033081e-01
1.119579896330833435e-01
1.572449952363967896e-01
1.548381000757217407e-01
9.983772039413452148e-02
1.587389409542083740e-01
1.521862596273422241e-01
1.757770478725433350e-01
1.406818926334381104e-01
1.110688224434852600e-01
1.364444643259048462e-01
1.312589645385742188e-01
1.004976183176040649e-01
1.572322249412536621e-01
1.081836521625518799e-01
1.757379770278930664e-01
1.208101585507392883e-01
1.416476517915725708e-01
1.250133067369461060e-01
1.439561396837234497e-01
1.363359838724136353e-01
1.339886635541915894e-01
8.188160508871078491e-02
1.389070749282836914e-01
1.213313713669776917e-01
1.571878939867019653e-01
1.932380646467208862e-01
1.525574475526809692e-01
2.274242788553237915e-01
9.435574710369110107e-02
1.474986225366592407e-01
1.716910898685455322e-01
9.040663391351699829e-02
1.389610022306442261e-01
8.835037052631378174e-02
1.839725077152252197e-01
1.112093329429626465e-01
1.426151990890502930e-01
7.881040871143341064e-02
1.738370060920715332e-01
1.413267105817794800e-01
1.399241536855697632e-01
1.457084864377975464e-01
1.547729223966598511e-01
1.726305931806564331e-01
1.232398077845573425e-01
