1.512809395790100098e+00
1.441195130348205566e+00
1.481418371200561523e+00
1.333233356475830078e+00
1.133244037628173828e+00
1.142596006393432617e+00
1.159155845642089844e+00
1.097123742103576660e+00
1.033633232116699219e+00
1.028737425804138184e+00
1.105663180351257324e+00
1.062768220901489258e+00
1.021669626235961914e+00
9.524689912796020508e-01
1.008765578269958496e+00
1.072817444801330566e+00
9.758015871047973633e-01
9.884036779403686523e-01
1.065893769264221191e+00
1.139323353767395020e+00
1.030297636985778809e+00
9.886173605918884277e-01
9.992918372154235840e-01
9.842355251312255859e-01
9.301059246063232422e-01
1.035571575164794922e+00
1.056993007659912109e+00
9.324014186859130859e-01
9.873797297477722168e-01
9.023005962371826172e-01
9.193760156631469727e-01
8.770029544830322266e-01
9.087411761283874512e-01
9.154917001724243164e-01
8.513109683990478516e-01
9.239711761474609375e-01
9.535102844238281250e-01
9.769478440284729004e-01
8.912432193756103516e-01
8.119257688522338867e-01
8.845472335815429688e-01
8.427341580390930176e-01
8.699788451194763184e-01
8.366013765335083008e-01
8.581745028495788574e-01
9.125877618789672852e-01
8.207417726516723633e-01
8.946252465248107910e-01
7.391425967216491699e-01
7.569411993026733398e-01
8.151537775993347168e-01
8.103235363960266113e-01
7.765229940414428711e-01
8.209385871887207031e-01
7.485921978950500488e-01
7.691385746002197266e-01
7.848425507545471191e-01
7.233217954635620117e-01
7.889939546585083008e-01
6.611208319664001465e-01
6.778175234794616699e-01
7.942970991134643555e-01
7.220467925071716309e-01
7.361245155334472656e-01
6.756612062454223633e-01
7.110550403594970703e-01
6.757262349128723145e-01
7.170838117599487305e-01
6.618174910545349121e-01
6.929013133049011230e-01
6.225480437278747559e-01
6.540414690971374512e-01
6.059597134590148926e-01
6.486422419548034668e-01
6.335050463676452637e-01
5.782710313796997070e-01
6.833792924880981445e-01
5.706436634063720703e-01
6.413041949272155762e-01
6.189598441123962402e-01
6.378965973854064941e-01
6.412395834922790527e-01
6.232793927192687988e-01
5.290769338607788086e-01
5.872826576232910156e-01
5.889804959297180176e-01
5.660098195075988770e-01
5.376996994018554688e-01
5.545119643211364746e-01
5.167083740234375000e-01
5.696663260459899902e-01
4.967386126518249512e-01
5.281336307525634766e-01
4.449045062065124512e-01
5.657817721366882324e-01
6.088815927505493164e-01
5.500518679618835449e-01
5.101202130317687988e-01
5.607086420059204102e-01
4.554133713245391846e-01
5.124775767326354980e-01
5.568060278892517090e-01
4.421839118003845215e-01
4.900636076927185059e-01
5.055261850357055664e-01
4.927791357040405273e-01
4.594775438308715820e-01
4.409562349319458008e-01
4.254365861415863037e-01
3.946296572685241699e-01
4.726298153400421143e-01
4.932400882244110107e-01
4.467304646968841553e-01
3.895868360996246338e-01
5.365733504295349121e-01
4.714075624942779541e-01
4.458232522010803223e-01
4.352813661098480225e-01
3.528899252414703369e-01
4.376960694789886475e-01
4.433722496032714844e-01
4.321947097778320312e-01
4.147532284259796143e-01
4.483744204044342041e-01
4.432703852653503418e-01
5.091658830642700195e-01
3.589367866516113281e-01
4.945448637008666992e-01
4.174630045890808105e-01
3.644826412200927734e-01
3.501587212085723877e-01
3.385145664215087891e-01
4.081929922103881836e-01
3.920632600784301758e-01
3.489654958248138428e-01
4.103930890560150146e-01
4.834018051624298096e-01
4.095289409160614014e-01
3.494578003883361816e-01
3.224645853042602539e-01
3.320398032665252686e-01
4.403998553752899170e-01
3.141992092132568359e-01
3.271210491657257080e-01
3.857791125774383545e-01
4.136998355388641357e-01
3.288127481937408447e-01
3.410536348819732666e-01
3.665572404861450195e-01
3.964150547981262207e-01
4.054479002952575684e-01
2.917428016662597656e-01
4.339466989040374756e-01
3.693175613880157471e-01
3.466952145099639893e-01
2.804270386695861816e-01
3.637504279613494873e-01
3.496126830577850342e-01
3.210967779159545898e-01
2.945618629455566406e-01
3.635641634464263916e-01
3.619907200336456299e-01
3.543666601181030273e-01
3.064702451229095459e-01
2.906679809093475342e-01
3.241922557353973389e-01
3.415459096431732178e-01
2.745513021945953369e-01
3.184695839881896973e-01
3.267556130886077881e-01
3.849960565567016602e-01
3.105523288249969482e-01
3.014571368694305420e-01
2.837009131908416748e-01
3.369554281234741211e-01
3.118596971035003662e-01
3.395757079124450684e-01
2.395136505365371704e-01
2.773687541484832764e-01
3.619393706321716309e-01
2.906062602996826172e-01
2.582842409610748291e-01
3.435550034046173096e-01
3.320096731185913086e-01
2.780306041240692139e-01
3.417768180370330811e-01
3.395275175571441650e-01
2.817113101482391357e-01
2.684508860111236572e-01
2.523091733455657959e-01
3.031173050403594971e-01
2.229046076536178589e-01
3.055736422538757324e-01
3.522768318653106689e-01
3.026019036769866943e-01
2.993189990520477295e-01
2.815442085266113281e-01
3.168969452381134033e-01
2.745765447616577148e-01
3.000106811523437500e-01
3.288615942001342773e-01
3.212123811244964600e-01
2.293184697628021240e-01
2.931857705116271973e-01
3.201589584350585938e-01
3.203958868980407715e-01
2.117467820644378662e-01
3.363982439041137695e-01
3.888101577758789062e-01
2.389006018638610840e-01
3.138265013694763184e-01
2.811133265495300293e-01
2.105928808450698853e-01
2.725356519222259521e-01
3.024208545684814453e-01
2.400678247213363647e-01
2.757574021816253662e-01
2.724805474281311035e-01
2.775538265705108643e-01
3.293364644050598145e-01
3.630374670028686523e-01
2.883957028388977051e-01
2.373546361923217773e-01
2.210347354412078857e-01
3.511412739753723145e-01
2.454407215118408203e-01
2.542637288570404053e-01
2.517333328723907471e-01
2.073333561420440674e-01
2.423336207866668701e-01
2.411738038063049316e-01
3.117734789848327637e-01
1.818033307790756226e-01
2.429808825254440308e-01
2.850208878517150879e-01
3.144611418247222900e-01
2.138772159814834595e-01
2.851197123527526855e-01
2.462660968303680420e-01
2.854812741279602051e-01
2.587984502315521240e-01
2.851907014846801758e-01
2.479482740163803101e-01
3.018778264522552490e-01
3.151088953018188477e-01
2.141574621200561523e-01
2.433991730213165283e-01
2.381003797054290771e-01
2.328933924436569214e-01
2.187643349170684814e-01
2.426028996706008911e-01
2.615757882595062256e-01
2.430544048547744751e-01
2.073393464088439941e-01
3.113977611064910889e-01
1.924358755350112915e-01
2.506465613842010498e-01
2.468431442975997925e-01
1.628632843494415283e-01
2.741234302520751953e-01
2.394550889730453491e-01
2.324782609939575195e-01
2.468113005161285400e-01
1.851710230112075806e-01
2.206413596868515015e-01
2.336330413818359375e-01
3.654811084270477295e-01
1.819583624601364136e-01
1.983426362276077271e-01
2.219193428754806519e-01
2.190486639738082886e-01
2.080625742673873901e-01
1.845917105674743652e-01
2.520701587200164795e-01
2.032924443483352661e-01
1.974159181118011475e-01
2.554633319377899170e-01
2.401827722787857056e-01
3.030792176723480225e-01
2.178568542003631592e-01
2.495572417974472046e-01
2.024120986461639404e-01
1.789689809083938599e-01
1.982461512088775635e-01
2.145161330699920654e-01
2.397481501102447510e-01
2.143121808767318726e-01
2.255111038684844971e-01
2.132911384105682373e-01
1.847430616617202759e-01
2.161779105663299561e-01
2.203074246644973755e-01
2.612643837928771973e-01
2.457252442836761475e-01
1.980428099632263184e-01
1.842586696147918701e-01
2.385601401329040527e-01
2.558118700981140137e-01
1.809552311897277832e-01
1.457139104604721069e-01
2.363943457603454590e-01
2.666980922222137451e-01
2.160287052392959595e-01
2.671073675155639648e-01
1.437114924192428589e-01
2.085413634777069092e-01
1.896539479494094849e-01
2.293251007795333862e-01
1.431804895401000977e-01
1.892373561859130859e-01
2.043843120336532593e-01
2.333690077066421509e-01
1.773744970560073853e-01
2.484667003154754639e-01
2.258587628602981567e-01
2.799456715583801270e-01
2.224300801753997803e-01
2.148129194974899292e-01
2.223542779684066772e-01
1.805721372365951538e-01
2.021371722221374512e-01
2.112075835466384888e-01
2.159229367971420288e-01
2.556424736976623535e-01
2.382568717002868652e-01
1.937421262264251709e-01
2.335148304700851440e-01
2.202606648206710815e-01
2.062731981277465820e-01
1.569292247295379639e-01
1.963206678628921509e-01
1.783871650695800781e-01
2.425449341535568237e-01
2.161049693822860718e-01
2.352332621812820435e-01
1.613649278879165649e-01
2.140057384967803955e-01
1.719596683979034424e-01
1.737516373395919800e-01
2.003477662801742554e-01
2.718762159347534180e-01
1.321599036455154419e-01
2.068079710006713867e-01
1.597801148891448975e-01
2.156975865364074707e-01
1.568413227796554565e-01
1.697255373001098633e-01
1.715686023235321045e-01
2.296759188175201416e-01
2.090042531490325928e-01
1.458478868007659912e-01
1.761861145496368408e-01
1.467723697423934937e-01
1.586436927318572998e-01
2.643510997295379639e-01
1.822652816772460938e-01
1.649995446205139160e-01
2.569657266139984131e-01
2.011415660381317139e-01
1.549118608236312866e-01
2.277391999959945679e-01
2.411922961473464966e-01
1.860495805740356445e-01
1.843087375164031982e-01
1.915512233972549438e-01
2.162997573614120483e-01
2.368158698081970215e-01
1.594509184360504150e-01
1.468804627656936646e-01
1.671302616596221924e-01
2.271402627229690552e-01
2.654530107975006104e-01
1.759615540504455566e-01
2.416001707315444946e-01
2.296965569257736206e-01
1.511019915342330933e-01
1.782474368810653687e-01
1.904574930667877197e-01
2.053745239973068237e-01
1.851063370704650879e-01
1.514949351549148560e-01
2.034321129322052002e-01
1.756697595119476318e-01
2.116079032421112061e-01
1.223680302500724792e-01
2.186418771743774414e-01
1.650285124778747559e-01
2.153412550687789917e-01
1.277679949998855591e-01
2.131751626729965210e-01
2.278070151805877686e-01
1.658994704484939575e-01
1.276267021894454956e-01
2.299538701772689819e-01
1.710242629051208496e-01
1.548614203929901123e-01
2.046092897653579712e-01
1.897863000631332397e-01
1.519237160682678223e-01
2.082678973674774170e-01
1.709992736577987671e-01
1.899956315755844116e-01
1.501590311527252197e-01
1.641480326652526855e-01
2.181440889835357666e-01
1.914791464805603027e-01
1.712243705987930298e-01
1.522864401340484619e-01
1.282497197389602661e-01
1.877656280994415283e-01
1.961754411458969116e-01
1.858633309602737427e-01
1.785989403724670410e-01
2.068308889865875244e-01
1.812348514795303345e-01
1.493087857961654663e-01
1.436106562614440918e-01
2.236633151769638062e-01
1.700358688831329346e-01
1.201159134507179260e-01
1.825521141290664673e-01
1.687320172786712646e-01
2.241825163364410400e-01
1.511219739913940430e-01
1.309435516595840454e-01
1.196763664484024048e-01
2.372463643550872803e-01
2.563993632793426514e-01
1.817886531352996826e-01
1.929121762514114380e-01
1.382469087839126587e-01
1.542089432477951050e-01
1.801728457212448120e-01
1.488565355539321899e-01
1.876588761806488037e-01
1.941668391227722168e-01
1.320983916521072388e-01
1.544592231512069702e-01
2.193378806114196777e-01
1.739531159400939941e-01
2.104968130588531494e-01
1.816980689764022827e-01
2.229466885328292847e-01
1.477816104888916016e-01
2.469788789749145508e-01
2.424459308385848999e-01
1.968374252319335938e-01
1.727650314569473267e-01
1.609383523464202881e-01
1.106597632169723511e-01
1.737891733646392822e-01
1.238000765442848206e-01
1.388147771358489990e-01
1.842079162597656250e-01
1.959059089422225952e-01
1.889582127332687378e-01
1.898235678672790527e-01
1.755915284156799316e-01
1.140376850962638855e-01
1.340217441320419312e-01
1.286997050046920776e-01
1.255973577499389648e-01
1.623645424842834473e-01
1.619159877300262451e-01
1.901867240667343140e-01
1.596024334430694580e-01
1.260397881269454956e-01
1.320398896932601929e-01
1.457149982452392578e-01
2.350823134183883667e-01
1.675406843423843384e-01
1.432896256446838379e-01
1.696773022413253784e-01
2.390493303537368774e-01
1.809509992599487305e-01
1.770398914813995361e-01
2.362321764230728149e-01
2.358121275901794434e-01
1.580049395561218262e-01
1.581974923610687256e-01
1.333940774202346802e-01
1.550278216600418091e-01
1.535012274980545044e-01
1.635040193796157837e-01
1.849088966846466064e-01
1.194232478737831116e-01
1.837758123874664307e-01
1.710438132286071777e-01
1.588366180658340454e-01
1.601060777902603149e-01
2.317430973052978516e-01
1.649134159088134766e-01
1.149995028972625732e-01
1.482208818197250366e-01
1.836729943752288818e-01
1.299349367618560791e-01
1.649489998817443848e-01
1.529486626386642456e-01
1.770702153444290161e-01
1.081914901733398438e-01
2.429535835981369019e-01
1.497998684644699097e-01
1.432186961174011230e-01
1.908326745033264160e-01
1.792489886283874512e-01
1.614834666252136230e-01
1.504749208688735962e-01
1.826031655073165894e-01
1.483403891324996948e-01
2.051014453172683716e-01
2.170731425285339355e-01
1.922518908977508545e-01
2.307360470294952393e-01
1.670246124267578125e-01
1.379610151052474976e-01
1.333394050598144531e-01
1.545826941728591919e-01
1.595763117074966431e-01
1.190899908542633057e-01
1.410240828990936279e-01
1.607632786035537720e-01
1.523468792438507080e-01
8.812354505062103271e-02
1.586536616086959839e-01
1.730881929397583008e-01
1.341713368892669678e-01
1.489257961511611938e-01
1.340778172016143799e-01
2.789415717124938965e-01
1.404649168252944946e-01
1.276345402002334595e-01
1.200634688138961792e-01
1.987986564636230469e-01
1.930913776159286499e-01
1.355360001325607300e-01
1.162804067134857178e-01
2.030164450407028198e-01
1.535075306892395020e-01
1.623842120170593262e-01
2.104676514863967896e-01
1.692105680704116821e-01
1.563859879970550537e-01
1.531042605638504028e-01
1.455175578594207764e-01
1.437087357044219971e-01
2.316512614488601685e-01
1.940902471542358398e-01
1.757527738809585571e-01
1.696681529283523560e-01
9.624516218900680542e-02
1.633463948965072632e-01
1.643013507127761841e-01
1.527294367551803589e-01
1.824857890605926514e-01
1.493325382471084595e-01
1.217192932963371277e-01
1.071363687515258789e-01
1.656132936477661133e-01
1.154012084007263184e-01
1.750298291444778442e-01
1.830134689807891846e-01
1.577160954475402832e-01
1.069893985986709595e-01
1.548788994550704956e-01
1.477636098861694336e-01
1.133086904883384705e-01
1.818899661302566528e-01
1.832152605056762695e-01
1.025132983922958374e-01
1.526561677455902100e-01
1.162318438291549683e-01
1.793729066848754883e-01
1.325181722640991211e-01
1.808260530233383179e-01
1.437188833951950073e-01
2.065211832523345947e-01
1.567619591951370239e-01
1.213011667132377625e-01
1.048612371087074280e-01
1.364371180534362793e-01
1.947742253541946411e-01
1.617844253778457642e-01
1.464981883764266968e-01
1.589828580617904663e-01
1.662806123495101929e-01
1.345062553882598877e-01
1.510706692934036255e-01
1.941362172365188599e-01
1.331979036331176758e-01
1.289035677909851074e-01
1.231583505868911743e-01
1.109126284718513489e-01
1.997584253549575806e-01
1.702160239219665527e-01
1.065719574689865112e-01
1.498862504959106445e-01
1.259660869836807251e-01
1.273269355297088623e-01
1.754177659749984741e-01
1.112164035439491272e-01
1.586991697549819946e-01
9.685957431793212891e-02
1.449095606803894043e-01
1.816727370023727417e-01
1.428150981664657593e-01
1.746452897787094116e-01
1.760829985141754150e-01
1.359170824289321899e-01
1.622284799814224243e-01
1.623345613479614258e-01
1.203301101922988892e-01
1.468566954135894775e-01
1.390763819217681885e-01
1.340989470481872559e-01
8.468166738748550415e-02
1.275655478239059448e-01
1.817645728588104248e-01
1.240913197398185730e-01
1.325691193342208862e-01
1.208818331360816956e-01
1.514181494712829590e-01
1.473696529865264893e-01
1.184652596712112427e-01
1.521048396825790405e-01
1.446016728878021240e-01
8.851856738328933716e-02
1.201182901859283447e-01
1.266907602548599243e-01
1.557429581880569458e-01
1.235977187752723694e-01
1.253447979688644409e-01
1.549582183361053467e-01
9.517824649810791016e-02
1.251161843538284302e-01
1.322123110294342041e-01
1.356467008590698242e-01
1.597155481576919556e-01
1.424976438283920288e-01
1.171486973762512207e-01
1.141316369175910950e-01
1.166721805930137634e-01
1.253126412630081177e-01
1.092131435871124268e-01
1.719482392072677612e-01
1.413659602403640747e-01
1.288655996322631836e-01
1.220794096589088440e-01
1.808350533246994019e-01
1.779564023017883301e-01
1.318456232547760010e-01
1.233163177967071533e-01
1.512293815612792969e-01
1.027182340621948242e-01
1.255887597799301147e-01
1.773885637521743774e-01
1.653697341680526733e-01
1.332979351282119751e-01
1.522745639085769653e-01
2.147482335567474365e-01
1.186406016349792480e-01
1.201772168278694153e-01
1.502656787633895874e-01
1.952798664569854736e-01
1.494526118040084839e-01
1.532838940620422363e-01
8.799403905868530273e-02
1.795073896646499634e-01
1.103866472840309143e-01
1.191498041152954102e-01
1.279138177633285522e-01
1.029584184288978577e-01
1.638662219047546387e-01
1.967355161905288696e-01
9.715884178876876831e-02
1.287988573312759399e-01
1.061610504984855652e-01
1.276713460683822632e-01
1.712725460529327393e-01
2.118506878614425659e-01
1.455559581518173218e-01
1.506097167730331421e-01
1.148172616958618164e-01
1.670451164245605469e-01
8.238107711076736450e-02
1.440012902021408081e-01
1.099437177181243896e-01
1.356237977743148804e-01
1.295974254608154297e-01
1.194125860929489136e-01
2.033701539039611816e-01
1.580324470996856689e-01
1.377793848514556885e-01
8.934977650642395020e-02
1.882053315639495850e-01
1.084305942058563232e-01
1.167829558253288269e-01
1.122549548745155334e-01
1.298893541097640991e-01
1.026581153273582458e-01
1.666256934404373169e-01
9.866482019424438477e-02
1.647706180810928345e-01
1.512704789638519287e-01
1.149115413427352905e-01
1.453797817230224609e-01
8.454201370477676392e-02
1.332217007875442505e-01
1.434117257595062256e-01
1.970675289630889893e-01
1.692684739828109741e-01
1.847006529569625854e-01
1.763494312763214111e-01
1.159908846020698547e-01
1.186514273285865784e-01
1.291628628969192505e-01
1.384456753730773926e-01
1.552612930536270142e-01
2.547549903392791748e-01
9.961292892694473267e-02
9.553599357604980469e-02
1.717880964279174805e-01
1.491947025060653687e-01
1.111786216497421265e-01
1.035676971077919006e-01
1.706984937191009521e-01
1.109624207019805908e-01
1.342146098613739014e-01
1.358585953712463379e-01
1.709377914667129517e-01
9.346584975719451904e-02
1.137123554944992065e-01
1.137414127588272095e-01
1.461999416351318359e-01
1.359651088714599609e-01
6.975930929183959961e-02
1.183482334017753601e-01
1.733305603265762329e-01
1.046143174171447754e-01
1.570907086133956909e-01
1.392362266778945923e-01
1.286381334066390991e-01
1.118007823824882507e-01
1.365163922309875488e-01
1.465320587158203125e-01
1.764886528253555298e-01
1.214345470070838928e-01
1.329829245805740356e-01
1.399164497852325439e-01
1.129771396517753601e-01
1.330266147851943970e-01
8.270525932312011719e-02
1.305335313081741333e-01
1.976325511932373047e-01
1.467757523059844971e-01
1.078618168830871582e-01
4.448975622653961182e-02
1.465052664279937744e-01
1.673894822597503662e-01
1.155830845236778259e-01
9.999422729015350342e-02
7.714883983135223389e-02
1.409691721200942993e-01
1.377274692058563232e-01
1.247311159968376160e-01
1.240800023078918457e-01
1.639536768198013306e-01
1.314013302326202393e-01
1.205331981182098389e-01
1.318573206663131714e-01
1.469595283269882202e-01
1.506990194320678711e-01
1.315463036298751831e-01
9.860306978225708008e-02
1.422692537307739258e-01
1.163563728332519531e-01
7.071846723556518555e-02
1.336610168218612671e-01
1.608614027500152588e-01
1.209925487637519836e-01
1.421503424644470215e-01
9.043921530246734619e-02
1.250920742750167847e-01
1.314926892518997192e-01
1.365223526954650879e-01
1.042654439806938171e-01
1.003838777542114258e-01
1.455002129077911377e-01
1.311427652835845947e-01
1.272003650665283203e-01
1.277408003807067871e-01
1.360142081975936890e-01
1.516384035348892212e-01
9.708787500858306885e-02
1.532122641801834106e-01
9.621422737836837769e-02
1.667955517768859863e-01
1.137342676520347595e-01
1.309536546468734741e-01
1.227330788969993591e-01
9.377747029066085815e-02
9.282188117504119873e-02
1.911861449480056763e-01
1.253868043422698975e-01
1.024592593312263489e-01
1.068695336580276489e-01
1.193919852375984192e-01
1.891087293624877930e-01
1.164887845516204834e-01
1.806092709302902222e-01
1.259588003158569336e-01
9.135244041681289673e-02
1.825050264596939087e-01
1.157683581113815308e-01
1.099599376320838928e-01
1.128236278891563416e-01
1.103957667946815491e-01
7.412236183881759644e-02
1.361389309167861938e-01
1.152138859033584595e-01
1.308514475822448730e-01
1.727693527936935425e-01
1.551117599010467529e-01
9.521026164293289185e-02
1.056207492947578430e-01
1.149295866489410400e-01
1.056230515241622925e-01
1.006139516830444336e-01
1.485156267881393433e-01
8.646677434444427490e-02
9.600017219781875610e-02
9.625663608312606812e-02
1.200876981019973755e-01
1.517338752746582031e-01
7.496079802513122559e-02
1.307682693004608154e-01
1.565971374511718750e-01
1.109283864498138428e-01
8.483902364969253540e-02
1.073160395026206970e-01
1.395184546709060669e-01
1.188674196600914001e-01
1.014021784067153931e-01
1.447304338216781616e-01
1.599197983741760254e-01
1.063589975237846375e-01
1.504436284303665161e-01
1.277004778385162354e-01
1.331268996000289917e-01
7.339592278003692627e-02
9.712393581867218018e-02
1.474310606718063354e-01
1.178922206163406372e-01
7.114035636186599731e-02
1.048780456185340881e-01
1.218126341700553894e-01
1.110048592090606689e-01
1.271273791790008545e-01
1.232757717370986938e-01
1.105755046010017395e-01
1.184235140681266785e-01
7.943914830684661865e-02
1.515543013811111450e-01
1.063112691044807434e-01
9.280890971422195435e-02
1.540686935186386108e-01
1.643237620592117310e-01
1.271634697914123535e-01
1.386672854423522949e-01
1.312496364116668701e-01
1.501649320125579834e-01
7.090198248624801636e-02
1.187786608934402466e-01
1.179518550634384155e-01
1.074455156922340393e-01
8.850312232971191406e-02
9.588416665792465210e-02
7.730555534362792969e-02
1.057161986827850342e-01
1.196604520082473755e-01
1.618725508451461792e-01
8.450687676668167114e-02
1.185232251882553101e-01
1.387637257575988770e-01
1.653303354978561401e-01
8.278218656778335571e-02
1.055528447031974792e-01
1.510230898857116699e-01
1.486791372299194336e-01
1.439740806818008423e-01
1.583908647298812866e-01
8.237488567829132080e-02
1.594728678464889526e-01
1.048302873969078064e-01
1.543827950954437256e-01
8.558389544486999512e-02
8.220802992582321167e-02
1.045729592442512512e-01
1.264735460281372070e-01
1.541375964879989624e-01
1.531886011362075806e-01
1.149761751294136047e-01
8.064573258161544800e-02
9.849184006452560425e-02
1.204975917935371399e-01
1.174929514527320862e-01
8.943653106689453125e-02
1.757734566926956177e-01
1.402310132980346680e-01
1.008658185601234436e-01
9.049145877361297607e-02
1.892682909965515137e-01
1.193499416112899780e-01
1.035248860716819763e-01
1.035560965538024902e-01
8.514899760484695435e-02
1.128114610910415649e-01
1.397837400436401367e-01
1.087895259261131287e-01
1.928991526365280151e-01
1.031625568866729736e-01
1.348638981580734253e-01
1.374528259038925171e-01
1.049334853887557983e-01
7.944220304489135742e-02
1.278705149888992310e-01
1.355843991041183472e-01
8.684138953685760498e-02
8.687177300453186035e-02
1.473509669303894043e-01
1.157335489988327026e-01
1.329817920923233032e-01
1.285730302333831787e-01
1.002679765224456787e-01
1.252330094575881958e-01
9.051946550607681274e-02
1.183251291513442993e-01
1.410014927387237549e-01
1.014209762215614319e-01
9.185146540403366089e-02
1.536970734596252441e-01
1.552402973175048828e-01
9.951416403055191040e-02
1.553579270839691162e-01
9.052980691194534302e-02
2.259965240955352783e-01
