1.392467260360717773e+00
1.391873598098754883e+00
1.396992802619934082e+00
1.389446258544921875e+00
1.373803377151489258e+00
1.385238409042358398e+00
1.384214639663696289e+00
1.379053711891174316e+00
1.373129725456237793e+00
1.374920606613159180e+00
1.364725351333618164e+00
1.365013360977172852e+00
1.363693475723266602e+00
1.355188488960266113e+00
1.355014085769653320e+00
1.351804733276367188e+00
1.352519392967224121e+00
1.344423770904541016e+00
1.344754457473754883e+00
1.339627981185913086e+00
1.342232108116149902e+00
1.334735155105590820e+00
1.333531737327575684e+00
1.330957531929016113e+00
1.324342966079711914e+00
1.322836160659790039e+00
1.321753621101379395e+00
1.315910696983337402e+00
1.314128637313842773e+00
1.312588691711425781e+00
1.308931946754455566e+00
1.303095936775207520e+00
1.295620560646057129e+00
1.296720504760742188e+00
1.295691967010498047e+00
1.291644692420959473e+00
1.289286494255065918e+00
1.279494524002075195e+00
1.283891439437866211e+00
1.275234341621398926e+00
1.274658083915710449e+00
1.260231494903564453e+00
1.258535027503967285e+00
1.256655454635620117e+00
1.253710627555847168e+00
1.265349030494689941e+00
1.245849490165710449e+00
1.251556992530822754e+00
1.247151494026184082e+00
1.240633726119995117e+00
1.232212543487548828e+00
1.220937967300415039e+00
1.219470739364624023e+00
1.214327216148376465e+00
1.204895138740539551e+00
1.204939365386962891e+00
1.209987878799438477e+00
1.182413816452026367e+00
1.185234904289245605e+00
1.170083522796630859e+00
1.179349899291992188e+00
1.175744771957397461e+00
1.185114026069641113e+00
1.155883550643920898e+00
1.154455184936523438e+00
1.139927506446838379e+00
1.140713572502136230e+00
1.132331848144531250e+00
1.117870450019836426e+00
1.107854604721069336e+00
1.128992557525634766e+00
1.108977437019348145e+00
1.092606306076049805e+00
1.085800051689147949e+00
1.094499349594116211e+00
1.077225685119628906e+00
1.073526740074157715e+00
1.039995551109313965e+00
1.054778456687927246e+00
1.037882328033447266e+00
1.041131973266601562e+00
1.017235755920410156e+00
1.038429260253906250e+00
9.957319498062133789e-01
9.996797442436218262e-01
9.819892644882202148e-01
9.778378605842590332e-01
9.880385398864746094e-01
9.346869587898254395e-01
9.529569745063781738e-01
9.670819640159606934e-01
9.099069237709045410e-01
9.263505935668945312e-01
9.218899011611938477e-01
9.312107563018798828e-01
8.984510302543640137e-01
8.908311724662780762e-01
8.869450092315673828e-01
8.734014630317687988e-01
8.510810136795043945e-01
8.476806282997131348e-01
8.330745697021484375e-01
8.170356154441833496e-01
8.140364289283752441e-01
7.837620973587036133e-01
8.005908131599426270e-01
7.732763886451721191e-01
7.716909050941467285e-01
7.550017237663269043e-01
7.510362267494201660e-01
7.271003127098083496e-01
7.335944771766662598e-01
6.705491542816162109e-01
6.635252237319946289e-01
6.481304764747619629e-01
6.679500937461853027e-01
6.506410837173461914e-01
6.454503536224365234e-01
6.464817523956298828e-01
6.486815214157104492e-01
5.752081274986267090e-01
6.192737817764282227e-01
6.149004101753234863e-01
5.944390892982482910e-01
5.989148020744323730e-01
5.992063879966735840e-01
5.793648958206176758e-01
5.942364931106567383e-01
5.403171181678771973e-01
5.471466183662414551e-01
5.291429162025451660e-01
5.173866152763366699e-01
5.306182503700256348e-01
5.103325247764587402e-01
5.356868505477905273e-01
4.912707507610321045e-01
5.003964900970458984e-01
5.327419042587280273e-01
4.906034767627716064e-01
4.764341413974761963e-01
4.339758455753326416e-01
4.668775796890258789e-01
4.522162079811096191e-01
4.744191169738769531e-01
4.647660255432128906e-01
3.808240890502929688e-01
4.189792871475219727e-01
4.315246045589447021e-01
4.559992551803588867e-01
4.399596750736236572e-01
4.205634295940399170e-01
3.928739428520202637e-01
3.776336014270782471e-01
3.861265182495117188e-01
3.783207535743713379e-01
3.570863604545593262e-01
3.460581600666046143e-01
3.775904178619384766e-01
3.493127226829528809e-01
3.657578825950622559e-01
3.423246443271636963e-01
3.621873557567596436e-01
3.227607905864715576e-01
3.309690356254577637e-01
3.662966787815093994e-01
3.580996394157409668e-01
3.206612467765808105e-01
3.204773366451263428e-01
3.208829760551452637e-01
3.003862500190734863e-01
3.201773762702941895e-01
2.594505548477172852e-01
3.415071368217468262e-01
2.988852262496948242e-01
2.856376171112060547e-01
3.180925846099853516e-01
2.708761692047119141e-01
3.020167648792266846e-01
2.663319706916809082e-01
3.060978949069976807e-01
2.647680342197418213e-01
2.987926900386810303e-01
2.827566266059875488e-01
2.562870383262634277e-01
2.719321846961975098e-01
2.373269945383071899e-01
2.241628617048263550e-01
2.486380338668823242e-01
2.656968533992767334e-01
2.821354866027832031e-01
2.580278813838958740e-01
2.493788599967956543e-01
2.494640648365020752e-01
2.091377079486846924e-01
2.490164190530776978e-01
2.567824721336364746e-01
2.144299745559692383e-01
2.639648914337158203e-01
2.675241827964782715e-01
2.498550415039062500e-01
2.640435099601745605e-01
2.084705978631973267e-01
2.273169308900833130e-01
2.767043113708496094e-01
2.055877447128295898e-01
2.072456479072570801e-01
2.012230902910232544e-01
2.564572989940643311e-01
2.234099507331848145e-01
2.214462608098983765e-01
2.220049500465393066e-01
1.879466772079467773e-01
2.435193508863449097e-01
2.441317439079284668e-01
2.331036776304244995e-01
2.159758061170578003e-01
1.938037276268005371e-01
1.912222951650619507e-01
1.959324777126312256e-01
1.927670389413833618e-01
2.459983229637145996e-01
2.165278494358062744e-01
2.085658013820648193e-01
1.880088895559310913e-01
2.245965003967285156e-01
2.140711694955825806e-01
2.341396957635879517e-01
2.383133322000503540e-01
1.926896870136260986e-01
1.954373717308044434e-01
2.145355045795440674e-01
2.025820612907409668e-01
1.531567871570587158e-01
2.097450345754623413e-01
1.594779938459396362e-01
1.413502097129821777e-01
1.676540970802307129e-01
1.627550125122070312e-01
1.514129340648651123e-01
1.806517094373703003e-01
1.834961026906967163e-01
1.683953553438186646e-01
1.816029995679855347e-01
1.958146691322326660e-01
1.621673107147216797e-01
1.394489854574203491e-01
1.969758570194244385e-01
1.986814141273498535e-01
2.192789763212203979e-01
1.846377551555633545e-01
2.060535997152328491e-01
1.905952095985412598e-01
1.684832125902175903e-01
1.593546271324157715e-01
2.007926255464553833e-01
1.891286224126815796e-01
1.951915025711059570e-01
1.775665134191513062e-01
1.842527240514755249e-01
1.871070116758346558e-01
1.738852411508560181e-01
2.120373547077178955e-01
1.607830077409744263e-01
1.660129278898239136e-01
1.411815881729125977e-01
1.474469900131225586e-01
2.059257179498672485e-01
1.419458240270614624e-01
1.499999761581420898e-01
1.338583528995513916e-01
1.796679049730300903e-01
1.362459361553192139e-01
1.701897829771041870e-01
1.890913397073745728e-01
1.542213708162307739e-01
1.413588374853134155e-01
1.445744782686233521e-01
1.702038645744323730e-01
1.453800201416015625e-01
1.355887502431869507e-01
1.561267971992492676e-01
1.598562300205230713e-01
1.367514580488204956e-01
1.535904705524444580e-01
1.444620341062545776e-01
1.621041297912597656e-01
1.398942470550537109e-01
1.421190351247787476e-01
1.483116298913955688e-01
1.588328480720520020e-01
1.492113322019577026e-01
1.408598124980926514e-01
1.845429688692092896e-01
1.461716592311859131e-01
1.754803359508514404e-01
1.473364681005477905e-01
1.206251606345176697e-01
1.094951555132865906e-01
1.403879672288894653e-01
1.510531157255172729e-01
1.607699990272521973e-01
1.313802152872085571e-01
1.388861238956451416e-01
1.550510525703430176e-01
1.625826954841613770e-01
1.659308820962905884e-01
1.722401380538940430e-01
1.494305282831192017e-01
1.312378793954849243e-01
1.326339244842529297e-01
1.325014978647232056e-01
1.044143140316009521e-01
1.483084410429000854e-01
1.763556748628616333e-01
1.526281833648681641e-01
1.234610602259635925e-01
1.327091753482818604e-01
1.459453850984573364e-01
1.281840503215789795e-01
1.371788233518600464e-01
1.225371956825256348e-01
1.588798314332962036e-01
1.507549136877059937e-01
1.375724524259567261e-01
1.370277106761932373e-01
1.360071152448654175e-01
1.570843458175659180e-01
1.099519729614257812e-01
1.140425130724906921e-01
1.622874736785888672e-01
1.402388513088226318e-01
1.485594660043716431e-01
1.523324698209762573e-01
1.131525933742523193e-01
1.333243101835250854e-01
1.331477016210556030e-01
1.350510120391845703e-01
1.023302152752876282e-01
1.381761431694030762e-01
1.100231558084487915e-01
1.486546844244003296e-01
1.430508196353912354e-01
1.278946548700332642e-01
1.312357485294342041e-01
1.480609625577926636e-01
1.587952226400375366e-01
9.931012988090515137e-02
2.059032768011093140e-01
1.383321136236190796e-01
1.313746869564056396e-01
1.121320724487304688e-01
1.167577281594276428e-01
1.492959558963775635e-01
1.524837613105773926e-01
1.566561013460159302e-01
1.062332615256309509e-01
1.034781113266944885e-01
9.809189289808273315e-02
8.330550044775009155e-02
1.403401643037796021e-01
1.393062621355056763e-01
1.297531574964523315e-01
1.148764863610267639e-01
1.468576341867446899e-01
1.078327074646949768e-01
1.205316781997680664e-01
1.753486841917037964e-01
1.373933851718902588e-01
1.404819041490554810e-01
1.226899847388267517e-01
1.149125397205352783e-01
1.159403696656227112e-01
1.229263618588447571e-01
1.174496635794639587e-01
1.375356763601303101e-01
1.254156231880187988e-01
1.037562265992164612e-01
1.312004476785659790e-01
9.953644871711730957e-02
8.496735990047454834e-02
8.316858857870101929e-02
9.289967268705368042e-02
1.087788045406341553e-01
1.306684315204620361e-01
1.253007799386978149e-01
9.110423922538757324e-02
1.135230436921119690e-01
1.775387823581695557e-01
1.678718626499176025e-01
1.306152343750000000e-01
1.250681430101394653e-01
1.412572413682937622e-01
1.099138483405113220e-01
1.527637243270874023e-01
1.230749636888504028e-01
1.021556034684181213e-01
1.082068011164665222e-01
1.125111207365989685e-01
1.041340902447700500e-01
1.041325777769088745e-01
1.157249063253402710e-01
1.197903677821159363e-01
1.278642266988754272e-01
8.409947901964187622e-02
9.550561010837554932e-02
1.220101639628410339e-01
1.362856477499008179e-01
1.115045547485351562e-01
1.268849223852157593e-01
1.420866250991821289e-01
8.919528871774673462e-02
1.264779120683670044e-01
9.153581410646438599e-02
1.022791564464569092e-01
1.183446273207664490e-01
1.230457052588462830e-01
1.091873347759246826e-01
1.368927955627441406e-01
1.244839578866958618e-01
1.035615727305412292e-01
7.349038869142532349e-02
1.033076345920562744e-01
1.221851110458374023e-01
9.754926711320877075e-02
1.670410186052322388e-01
1.350751817226409912e-01
8.376996964216232300e-02
1.251506507396697998e-01
8.043728023767471313e-02
9.371217340230941772e-02
1.249325200915336609e-01
1.148054152727127075e-01
1.240332126617431641e-01
1.056375727057456970e-01
9.443614631891250610e-02
1.075911521911621094e-01
1.473594158887863159e-01
1.148556023836135864e-01
7.477615773677825928e-02
1.666114330291748047e-01
1.144280433654785156e-01
1.052788794040679932e-01
8.289371430873870850e-02
9.974274039268493652e-02
1.292704641819000244e-01
1.302780508995056152e-01
1.173756569623947144e-01
9.003021568059921265e-02
7.309014350175857544e-02
1.005618274211883545e-01
1.358956247568130493e-01
6.881628930568695068e-02
1.501315981149673462e-01
1.107423678040504456e-01
8.393139392137527466e-02
1.299158930778503418e-01
1.039490848779678345e-01
8.455181121826171875e-02
1.074354425072669983e-01
8.516161143779754639e-02
1.224090903997421265e-01
9.776896238327026367e-02
1.141781061887741089e-01
1.079618036746978760e-01
1.425158083438873291e-01
1.034785583615303040e-01
1.267869919538497925e-01
7.919323444366455078e-02
1.226404309272766113e-01
1.509606838226318359e-01
9.848496317863464355e-02
1.085141748189926147e-01
8.052528649568557739e-02
7.507468014955520630e-02
9.940753132104873657e-02
1.306270360946655273e-01
9.975756704807281494e-02
1.038925498723983765e-01
1.166918948292732239e-01
1.003191843628883362e-01
7.139480859041213989e-02
1.131064072251319885e-01
8.645263314247131348e-02
9.756472706794738770e-02
9.785776585340499878e-02
